133004 
137197 
158782 
158782 
139094 
158782 
158782 
133004 
158782 
158782 
137631 
158782 
158782 
158782 
158782 
156496 
133004 
156496 
156496 
156496 
158782 
158782 
156496 
158782 
158782 
158782 
158782 
133004 
133004 
144598 
137197 
158782 
158782 
158782 
156496 
158782 
158782 
141195 
158782 
158782 
158782 
158782 
158782 
158782 
133004 
134321 
156496 
156496 
156496 
158782 
158782 
158782 
158782 
158782 
156496 
139094 
174060 
133004 
156496 
158782 
139094 
158782 
158782 
158782 
158782 
158782 
156496 
156496 
156496 
158782 
158782 
158782 
158782 
158782 
133004 
158782 
133004 
133004 
158782 
158782 
156496 
133004 
133004 
156496 
158782 
158782 
137197 
158782 
133004 
156496 
158782 
156496 
158782 
133004 
133004 
156496 
158782 
158782 
158782 
158782 
158782 
158782 
133004 
133004 
158782 
156496 
139094 
139094 
158782 
158782 
158782 
158782 
158782 
133940 
138207 
133004 
158555 
133940 
158555 
158782 
133004 
133004 
158782 
158782 
156496 
158782 
139094 
158782 
156496 
133940 
139094 
139094 
158782 
158782 
158782 
158782 
156496 
158782 
158782 
158782 
133004 
141195 
158782 
156496 
158782 
141195 
133004 
141195 
133004 
158782 
133004 
139094 
158782 
158782 
156496 
158782 
158782 
158782 
158782 
156496 
139709 
158782 
158782 
158782 
158782 
133004 
158782 
156496 
156496 
156496 
158782 
158782 
158782 
156496 
156496 
158782 
144598 
158782 
158782 
158782 
158782 
139094 
158782 
158782 
133004 
158782 
133004 
156496 
139094 
158782 
158782 
158782 
141195 
158782 
156496 
139094 
158782 
158782 
158782 
133004 
133940 
158782 
139094 
133004 
158782 
158782 
133004 
141195 
140795 
156496 
156496 
158782 
158782 
158782 
139094 
158782 
158782 
158782 
133940 
139094 
158782 
156496 
158782 
158782 
158782 
156496 
139094 
133940 
139094 
133004 
158782 
158782 
133004 
133004 
156496 
158782 
156496 
158782 
158782 
158782 
156496 
141195 
139094 
158782 
158782 
133004 
158782 
158782 
158782 
158782 
133004 
158782 
158782 
133004 
158782 
158782 
158782 
158782 
158782 
133004 
158782 
133004 
133004 
133004 
144598 
158782 
133004 
158782 
158782 
158782 
133004 
139094 
139094 
158782 
156496 
156496 
158782 
133004 
158782 
158782 
158782 
133004 
158782 
158782 
133004 
141195 
158782 
156496 
133004 
156496 
158782 
158782 
133004 
139094 
156496 
139094 
158782 
158782 
158782 
133004 
158782 
139094 
158782 
158782 
158782 
158782 
158782 
134322 
158782 
156496 
158782 
158782 
156496 
158782 
158782 
158555 
158782 
158782 
156496 
158782 
138646 
156496 
158782 
133004 
137197 
143677 
158782 
158782 
156496 
158782 
158782 
133004 
158782 
156496 
158782 
158782 
158782 
158782 
133004 
158782 
133004 
139094 
158782 
133004 
158782 
158782 
133004 
141195 
158782 
133004 
158782 
158782 
158782 
158782 
141195 
158782 
144598 
133004 
133004 
133004 
133004 
156496 
158782 
158782 
158782 
158782 
156496 
133004 
133004 
158782 
158555 
158782 
133004 
133004 
133004 
158782 
139094 
139094 
156496 
158782 
158782 
158782 
156496 
156496 
158782 
156496 
143677 
158782 
158782 
133004 
158782 
158782 
158782 
133004 
158782 
133004 
158555 
158782 
158782 
133004 
158782 
158782 
133004 
158782 
139094 
133004 
144598 
139094 
133004 
133004 
158782 
158782 
158782 
133004 
158782 
139094 
158782 
133004 
158782 
133004 
156496 
139094 
158782 
158782 
156496 
156496 
158782 
133004 
158782 
158782 
133004 
139094 
156496 
133004 
158782 
141195 
158782 
139094 
156496 
158782 
141195 
156496 
133004 
139094 
156496 
139094 
158782 
133940 
158782 
158782 
158782 
156496 
143677 
156795 
158782 
158782 
133004 
133004 
139094 
139094 
158782 
138955 
133004 
156496 
158782 
156795 
133004 
156496 
158782 
158782 
133004 
156496 
139094 
139094 
133004 
158782 
158782 
158782 
158782 
158782 
158782 
139094 
158782 
158782 
158782 
158782 
139094 
137197 
133004 
156496 
158782 
139094 
158782 
158782 
158782 
156496 
158782 
158782 
156496 
141195 
133004 
158782 
138646 
140795 
139094 
158782 
158782 
158782 
133004 
136501 
158782 
158782 
133004 
158782 
158782 
133940 
133004 
156496 
158782 
133004 
144598 
158782 
139094 
158782 
158782 
174060 
158782 
133004 
158782 
158782 
158782 
158782 
139094 
158782 
158782 
158782 
133004 
158782 
158782 
158782 
133004 
158782 
158782 
158782 
133004 
158782 
133004 
139094 
158782 
156496 
139094 
158782 
133004 
158782 
158782 
158782 
158782 
133004 
139094 
139094 
158782 
139094 
158782 
137197 
139094 
158782 
156496 
158782 
158782 
138955 
156496 
158782 
139094 
133004 
158782 
158782 
158782 
158782 
156496 
141195 
158782 
133004 
158782 
156496 
158782 
133004 
158782 
158782 
158782 
158782 
158782 
158782 
158782 
158782 
158782 
133004 
158782 
133004 
141195 
156496 
158782 
156496 
158782 
158782 
133004 
139094 
158782 
156496 
133004 
158782 
141195 
158782 
158782 
158782 
158782 
133004 
158782 
133004 
158782 
158782 
158782 
158782 
133940 
158782 
158782 
158782 
139094 
158782 
156496 
158782 
158782 
158782 
158782 
158782 
156496 
146817 
158782 
158782 
158782 
158782 
156496 
139094 
158782 
133940 
156496 
144598 
139094 
156496 
139094 
158782 
158782 
158782 
144598 
158782 
139094 
158782 
158782 
133004 
158782 
139094 
156496 
139094 
158782 
158782 
158782 
156496 
158782 
133004 
158782 
158782 
133004 
158782 
158782 
156496 
158782 
156496 
133004 
158782 
158782 
141195 
133004 
158555 
158782 
156496 
133004 
158782 
158782 
133004 
139094 
158782 
139094 
158782 
158782 
158782 
158782 
133004 
133004 
158782 
158782 
158782 
158782 
158782 
158782 
156496 
158782 
158782 
133004 
174060 
158555 
158782 
158782 
158782 
158782 
158782 
158782 
133004 
158782 
158782 
158782 
158782 
156496 
158782 
133004 
139094 
133004 
158782 
139094 
139094 
144598 
158782 
133004 
158782 
158782 
158782 
158782 
158782 
156496 
139094 
158782 
156496 
158782 
158782 
158782 
139709 
133004 
158782 
158782 
158782 
158782 
156496 
158782 
133004 
158782 
158782 
139094 
158782 
139094 
158782 
139094 
156496 
139094 
158782 
158782 
158782 
133004 
156496 
158782 
158782 
158782 
158782 
158782 
158782 
158782 
158782 
133940 
158782 
139094 
139094 
158782 
158782 
158555 
158782 
139094 
156496 
145254 
133004 
141195 
156496 
158782 
158782 
133004 
158782 
158782 
158782 
158782 
141195 
158782 
158782 
133004 
133004 
133004 
158782 
133004 
158782 
155698 
133940 
158782 
156496 
158782 
133004 
156496 
133004 
174060 
158782 
158782 
145737 
158782 
158782 
158782 
156496 
133004 
139094 
156496 
158782 
158782 
139094 
158782 
158782 
158782 
158782 
158782 
158782 
158782 
158782 
158782 
156496 
158782 
158782 
158782 
158782 
139094 
158782 
158782 
141195 
158782 
156496 
158782 
156496 
158782 
174060 
158782 
158782 
156496 
158782 
133004 
133004 
158782 
158782 
139094 
158782 
156496 
158782 
158782 
158782 
158782 
139094 
139709 
158782 
158782 
156496 
156496 
158782 
158782 
139094 
158782 
139094 
158782 
158782 
141195 
174060 
158782 
158782 
158782 
141195 
158782 
133004 
158782 
158782 
144598 
158782 
158782 
158782 
137197 
158782 
156496 
158782 
158782 
158782 
139094 
158782 
156496 
158782 
156496 
158782 
133004 
133940 
158782 
158782 
158782 
133004 
158782 
158782 
158782 
158782 
158782 
158782 
158782 
158782 
158782 
158782 
158782 
158782 
158782 
158782 
158782 
156496 
174060 
158782 
158782 
158782 
141195 
158782 
158782 
158782 
133004 
158782 
133004 
145494 
158782 
158782 
158782 
158782 
158782 
158782 
156496 
158782 
133004 
158782 
158782 
158782 
139094 
158782 
139094 
137197 
158782 
158782 
158782 
133004 
158782 
158782 
158782 
133004 
158782 
158782 
133004 
158782 
158782 
158782 
158782 
158782 
158782 
158782 
158782 
133004 
158782 
158782 
158555 
158782 
139094 
158782 
158782 
156496 
158782 
158782 
158782 
158782 
158782 
158782 
133004 
133004 
141195 
158782 
158782 
133004 
133004 
158782 
158782 
158782 
133004 
158782 
141195 
158782 
158782 
133004 
158782 
141195 
133004 
143677 
139094 
158782 
158782 
158782 
156496 
133004 
158555 
158782 
158782 
158782 
156496 
133004 
156496 
139094 
141195 
134321 
139094 
158782 
158782 
133940 
139094 
143677 
158782 
139094 
158782 
158782 
133004 
158782 
133004 
158782 
158782 
141195 
141195 
139094 
158782 
158782 
156496 
158782 
158782 
133004 
158782 
158782 
158782 
138955 
139189 
133004 
158782 
158782 
158782 
158782 
133004 
156496 
133004 
158782 
158782 
158782 
156496 
137632 
158782 
139094 
158782 
133004 
158782 
156496 
158782 
133004 
139094 
158782 
158782 
158782 
156496 
158782 
156795 
133004 
158782 
133004 
158782 
158782 
158782 
158782 
158782 
156496 
156496 
158782 
158782 
133004 
133004 
139094 
141195 
158782 
139094 
139094 
158782 
139094 
156496 
158782 
133004 
139094 
158782 
133004 
158782 
158782 
133004 
158782 
158782 
158782 
174060 
158782 
158782 
143677 
158782 
133004 
158782 
158782 
158782 
156496 
141195 
156496 
158782 
133940 
156496 
139094 
139094 
158782 
156496 
143677 
143677 
133004 
133004 
158782 
133004 
133004 
174060 
133004 
156496 
141195 
133004 
158782 
158782 
158782 
158782 
133004 
158555 
158782 
133004 
156496 
158782 
133004 
158782 
158782 
141195 
156496 
158782 
137197 
133081 
158782 
158555 
146817 
158782 
156496 
158782 
158782 
158782 
158782 
133004 
158782 
139094 
158782 
156496 
156496 
158782 
158782 
133004 
158782 
158782 
133004 
158782 
158782 
158782 
133004 
158782 
158782 
133004 
133004 
139094 
158782 
158782 
158782 
158782 
158782 
158782 
158782 
158782 
158782 
139094 
141195 
158782 
158782 
156496 
156496 
158782 
158782 
133004 
158782 
158782 
156496 
158782 
158782 
158782 
158782 
146817 
133004 
158782 
156496 
156496 
158782 
156496 
158782 
158782 
156496 
174060 
158782 
133004 
158782 
133004 
158782 
158782 
